FF FF FF FF FF FF FF FF FF FF FF FF FF FF FF A2 90 00 
44 52 56 52 4C 20 30 01 00 00 00 00 00 00 00 00 90 00 
00 00 00 00 00 00 00 00 00 00 00 00 00 00 00 00 90 00 
07 94 00 2B 64 FB F3 28 B1 F7 E9 26 00 00 00 00 90 00 
00 00 00 00 00 00 00 00 00 00 00 00 00 00 00 00 90 00 
00 00 00 00 00 00 00 00 00 00 00 00 00 00 00 00 90 00 
00 00 00 00 00 00 00 00 00 00 00 00 00 00 00 00 90 00 
00 00 00 00 00 00 00 00 00 00 00 00 00 00 00 00 90 00 
00 00 00 00 00 00 00 00 00 00 00 00 00 00 00 00 90 00 
00 00 00 00 00 00 00 00 00 00 00 00 00 00 00 00 90 00 
00 00 00 00 00 00 00 00 00 00 00 00 00 00 00 00 90 00 
00 00 00 00 00 00 00 00 00 00 00 00 00 00 00 00 90 00 
00 00 00 00 00 00 00 00 00 00 00 00 00 00 00 00 90 00 
00 00 00 00 00 00 00 00 00 00 00 00 00 00 00 00 90 00 
00 00 00 00 00 00 00 00 00 00 00 00 00 00 00 00 90 00 
00 00 00 00 00 00 00 00 00 00 00 00 00 00 00 00 90 00 
00 00 00 00 00 00 00 00 00 00 00 00 00 00 00 00 90 00 
00 00 00 00 00 00 00 00 00 00 00 00 00 00 00 00 90 00 
00 00 00 00 00 00 00 00 00 00 00 00 00 00 00 00 90 00 
00 00 00 00 00 00 00 00 00 00 00 00 00 00 00 00 90 00 
00 00 00 00 00 00 00 00 00 00 00 00 00 00 00 00 90 00 
00 00 00 00 00 00 00 00 00 00 00 00 00 00 00 00 90 00 
00 00 00 00 00 00 00 00 00 00 00 00 00 00 00 00 90 00 
00 00 00 00 00 00 00 00 00 00 00 00 00 00 00 00 90 00 
00 00 00 00 00 00 00 00 00 00 00 00 00 00 00 00 90 00 
00 00 00 00 00 00 00 00 00 00 00 00 00 00 00 00 90 00 
00 00 00 00 00 00 00 00 00 00 00 00 00 00 00 00 90 00 
00 00 00 00 00 00 00 00 00 00 00 00 00 00 00 00 90 00 
00 00 00 00 00 00 00 00 00 00 00 00 00 00 00 00 90 00 
00 00 00 00 00 00 00 00 00 00 00 00 00 00 00 00 90 00 
00 00 00 00 00 00 00 00 00 00 00 00 00 00 00 00 90 00 
00 00 00 00 00 00 00 00 00 00 00 00 00 00 00 00 90 00 
00 00 00 00 00 00 00 00 00 00 00 00 00 00 00 00 90 00 
00 00 00 00 00 00 00 00 00 00 00 00 00 00 00 00 90 00 
00 00 00 00 00 00 00 00 00 00 00 00 00 00 00 00 90 00 
00 00 00 00 00 00 00 00 00 00 00 00 00 00 00 00 90 00 
00 00 00 00 00 00 00 00 00 00 00 00 00 00 00 00 90 00 
00 00 00 00 00 00 00 00 00 00 00 00 00 00 00 00 90 00 
00 00 00 00 00 00 00 00 00 00 00 00 00 00 00 00 90 00 
00 00 00 00 00 00 00 00 00 00 00 00 00 00 00 00 90 00 
00 00 00 00 00 00 00 00 00 00 00 00 00 00 00 00 90 00 
00 00 00 00 00 00 00 00 00 00 00 00 00 00 00 00 90 00 
00 00 00 00 00 00 00 00 00 00 00 00 00 00 00 00 90 00 
00 00 00 00 00 00 00 00 00 00 00 00 00 00 00 00 90 00 
00 00 00 00 00 00 00 00 00 00 00 00 00 00 00 00 90 00 
